1 0
49 11
808 3
44 308
1618 5
472 33
101 0
223 0
138 0
2 0
1154 0
27 1
1160 11
1 0
5 27
19 0
42 11
2 337
51 0
4 122
176 0
2 1
231 3
604 1
175 3
5 90
2857 3
348 0
1139 1
21629 6
318 3
175 3
60 13
43 1
41 0
361 1
141 4
101 0
71 0
9710 20
26 0
90 0
57 1
43 402
35 8
201 7
1168 1
800 1
204 1
204 1
190 8
805 25
72 1
15275 582
0 0
49 0
119 2
2849 3
4475 25
1049 13
1920 1
280 0
51 2
3577 7
230 7
3539 1
1633 8
101 1
3355 1
27 470
104 0
59 5
783 1
32 3
249 0
7 1790
1870 36
401 19
232 302
41 30
7371 2
514 0
2 2
78 1
945 3
30 1088
0 0
0 0
0 0
0 0
0 0
0 0
0 0
0 0
0 0
1 0
0 0
0 0
0 0
0 0
0 0
0 0
0 0
0 0
0 0
0 0
0 0
0 0
0 0
0 0
0 0
0 0
0 0
0 0
0 0
0 0
0 0
0 0
0 0
0 0
0 0
0 0
0 0
0 0
0 0
0 0
0 0
0 0
0 0
0 0
0 0
0 0
0 0
0 0
0 0
0 0
0 0
0 0
0 0
0 0
0 0
0 0
0 0
0 0
0 0
0 0
0 0
0 0
0 0
0 0
0 0
0 0
0 0
0 0
0 0
2 0
0 0
0 0
0 0
0 0
0 0
0 0
0 0
0 0
0 0
0 0
0 0
0 0
0 0
0 0
0 0
0 0
0 0
0 0
0 0
1 0
0 0
0 0
0 0
0 0
0 0
0 0
0 0
0 0
0 0
0 0
0 0
0 0
0 0
0 0
0 0
0 0
1 0
0 0
0 0
0 0
0 0
0 0
1 0
0 0
0 0
0 0
2 0
2 0
0 0
9 0
1 0
0 0
0 0
0 0
21 1
0 0
0 0
0 0
1 0
0 0
2 0
1 0
14 0
12 0
1 0
1 0
90 1
1 0
54 0
0 0
1 0
38 0
0 0
2 0
0 0
0 0
0 0
4 5
0 3
1 16
0 0
18 1
0 1
4 5
5 0
172 1
15571 7
256 0
30 18
8 97
36 1
116 0
12 0
82 0
705 2
617 0
75 1
392 1
0 0
2 2
89 211
92 0
13933 6
32 558
237 0
546 0
216 0
98 4
21 6
83 3
319 190
3 0
343 1715
1 233
917 0
7 6
1839 5
57 17
34 3416
115 0
274 15
3828 11
33 9
382 0
638 0
2651 4
76 8618
3 124
37 5
13 17
4075 8
22 6
2 11
147 6
16 0
129 6
78 0
2 1016
111 1
9 12
243 22
4063 26
312 7
3898 94
1606 0
88 4335
131 3
8 7
32 6
22 17
1 15
5201 4
872 2
36 38
3 0
1460 2
1 141
5651 4
26 1
109 25
45 0
19 14
24 14
63 2
6 2
5 2
5 2
38 6
46 26
8 1
19 10
4 4
6 7
20 8
103 115
3 2
16 18
4 0
218 70
274 3
119 1
8 3
2 3
1 3
115 52
7214 3
1456 0
673 0
433 1
199 1995
19 2
114 22
88 1
2 8
130 76
23 20
6 7
11 0
48 1
32 127
15 1
24 0
0 0
0 0
0 0
0 0
0 0
0 0
0 0
0 0
0 0
0 0
0 0
0 0
0 0
0 0
0 0
0 0
0 0
0 0
0 0
0 0
0 0
0 0
0 0
0 0
0 0
0 0
0 0
0 0
0 0
0 0
0 0
0 0
0 0
0 0
0 0
0 0
0 0
0 0
0 0
0 0
0 0
0 0
0 0
0 0
0 0
0 0
0 0
0 0
0 0
0 0
0 0
0 0
0 0
0 0
0 0
0 0
0 0
0 0
0 0
0 0
0 0
0 0
0 0
0 0
0 0
0 0
0 0
0 0
0 0
0 0
0 0
0 0
0 0
0 0
0 0
0 0
0 0
0 0
0 0
0 0
0 0
0 0
0 0
0 0
0 0
0 0
0 0
0 0
0 0
0 0
0 0
0 0
0 0
0 0
0 0
0 0
0 0
0 0
0 0
0 0
0 0
14 0
0 0
0 0
0 0
0 0
0 0
0 0
0 0
0 0
0 0
1 2
0 0
0 0
0 0
0 0
15 0
1 0
1 2
0 0
0 0
5 0
1 10
0 0
1 0
2 0
6 4
3 0
0 0
63 1
94 243
143 0
37 0
238 38
14 13
37 2
86 41
2 0
39 0
217 11
741 3
13 1
18 3375
973 63
486 61
23 22
36 4
388 5
3383 194
512 67
6 47
1116 27
282 2
347 85
292 81
700 3
55 0
393 0
8 210
9171 107
87 911
195 11
27 0
217 0
24 4
71 333
545 5
42 0
1680 7
7 19
2748 4
25 999
174 65
170 30
628 6
15984 15
8505 20
0 0
0 0
0 0
0 0
0 0
0 0
0 0
0 0
0 0
0 0
0 0
0 0
0 0
0 0
0 0
0 0
0 0
0 0
0 0
0 0
0 0
0 0
0 0
0 0
0 0
0 0
0 0
0 0
0 0
0 0
0 0
0 0
0 0
0 0
0 0
0 0
0 0
0 0
0 0
0 0
0 0
0 0
0 0
0 0
0 0
0 0
0 0
0 0
0 0
0 0
0 0
0 0
0 0
0 0
0 0
0 0
0 0
0 0
0 0
0 0
0 0
0 0
0 0
0 0
0 0
0 0
0 0
0 0
0 0
0 0
0 0
0 0
0 0
0 0
0 0
0 0
0 0
0 0
0 0
0 0
0 0
0 0
0 0
0 0
0 0
0 0
0 0
0 0
0 0
0 0
0 0
0 0
0 0
0 0
0 0
0 0
0 0
0 0
0 0
0 0
0 0
0 0
0 0
0 0
0 0
0 0
0 0
0 0
0 0
0 0
0 0
0 0
1 0
0 0
0 0
0 0
0 0
0 0
0 0
0 0
0 0
1 0
1 0
0 0
0 0
0 0
0 0
2 0
4 0
0 0
0 0
0 0
0 0
5 0
1 0
1 0
7 0
0 0
0 0
0 0
0 0
0 0
1 0
33 9
50 1
5 6
17 2
88 0
2 0
0 0
0 5
1 1
3 25
8 230
3 125
3 4
23 26
17 92
0 2
16 1
14 2
827 0
333 7
1 0
1 9
20 2
2 0
5 1
1 3
4 4
12 6
324 1
2 2
1 0
0 0
1 0
0 0
2 0
103 1201
0 0
0 0
0 0
0 0
0 0
0 0
0 0
0 0
0 0
0 0
0 0
0 0
0 0
0 0
0 0
0 0
0 0
0 0
0 0
0 0
0 0
0 0
0 0
0 0
0 0
0 0
0 0
0 0
0 0
0 0
0 0
0 0
0 0
0 0
0 0
0 0
0 0
0 0
0 0
0 0
0 0
0 0
0 0
0 0
0 0
0 0
0 0
0 0
0 0
0 0
0 0
0 0
0 1
0 0
0 0
0 0
0 0
0 0
0 0
0 0
0 0
0 1
0 0
0 0
0 0
0 0
0 0
0 0
0 0
0 0
0 0
1 0
0 0
0 0
0 0
0 0
0 0
0 0
0 0
0 0
0 0
0 0
0 0
0 0
0 0
0 1
0 0
0 0
0 0
0 0
0 0
0 0
0 0
0 0
0 0
0 0
0 0
1 0
0 0
0 0
0 0
0 0
0 0
0 0
0 0
0 0
0 0
0 0
0 0
0 0
3 0
0 0
1 0
0 0
1 0
0 0
0 0
0 0
0 0
1 0
0 0
0 0
0 0
2 0
0 0
1 0
9 0
3 0
0 0
0 0
10 0
2 6
0 0
24 0
5 0
3 0
0 1
1 1
0 0
3 0
10 0
0 0
2 0
2 0
0 0
1 15
6 0
4 0
0 0
58 199
34 1
21 0
10 48
4 192
60 42
88 0
3369 111
23 4
45 7
19 14
28 4
56 1
4 86
59 1
316 0
34 14
15 54
303 18
11 3
625 3
4 1
4792 141
6465 553
10 152
186 24
248 39
12 4
3 1
286 30
131 40
111 0
14 3
416 139
38 2
556 4
65 477
0 0
0 0
0 0
0 0
0 0
0 0
0 0
0 0
32 26
92 20
137 0
21 39
32 70
62 0
33 2580
176 1002
16 1568
48 595
0 0
0 0
0 0
0 0
0 0
1 0
0 0
0 0
0 0
0 0
0 0
0 0
0 0
0 0
0 0
0 0
0 0
0 0
0 0
0 0
0 0
0 0
0 0
0 0
0 0
0 0
0 0
0 0
0 0
0 0
0 0
0 0
0 0
0 0
0 0
0 0
0 0
0 0
0 0
0 0
0 0
0 0
0 0
0 0
0 0
0 0
0 0
0 0
0 0
0 0
0 0
0 0
0 0
0 0
0 0
0 0
33 0
0 0
0 1
0 0
0 0
0 0
0 0
6 0
0 0
0 0
0 0
0 0
0 0
0 0
0 0
0 0
0 0
0 0
0 0
0 0
0 0
0 0
1 0
0 0
0 0
0 0
0 0
0 0
0 0
2 0
0 0
0 0
0 0
0 0
1 0
0 0
0 0
0 0
0 0
0 0
0 0
0 0
0 0
0 0
0 0
0 0
0 0
0 0
0 0
0 0
0 0
0 0
0 0
0 0
0 0
0 0
0 0
0 0
0 0
0 0
0 0
1 0
0 0
0 0
0 1
0 0
0 0
32 0
0 0
0 0
0 0
0 0
0 0
2 0
0 0
0 0
0 1
0 0
0 0
0 0
0 0
0 0
0 1
0 0
0 0
0 0
0 0
0 0
0 0
0 0
0 0
1 0
0 19
1 3
1 0
2 0
0 0
0 3
0 2
0 0
0 0
24 0
0 0
0 2
1 0
3 4
0 0
6 0
1 4
0 0
0 1
0 22
2 0
0 0
5 0
1 4
12 0
6 0
0 1
0 0
0 2
2 0
5 2
0 0
3 0
366 310
56 38
249 33
5 452
18 1700
6 818
8 760
9 304
7 247
4 16
37 102
19 246
33 525
10 0
1 30
19 0
8 216
281 2
26 83
189 20
239 87
127 17
623 5
108 33
979 0
4 6
14 20
17 90
10 543
17 499
6 6
7 399
610 5
24 109
23 5542
25272 7
497 293
1588 91
95 0
79 446
21 0
1802 661
6220 275
47 27
37 3448
176 313
94 2694
24 2
42579 187
21 2097
17 629
15 16
25 108
1440 23
111 2257
1333 33
16724 35
11 3
12 4
9 58
28 11
9 5
24 19
51 4893
22 5
377 44
48 60
79 5561
73 13498
737 1039
12 1343
35 2249
145 12587
115 1720
969 68
25 977
0 0
0 0
0 0
0 0
0 0
0 0
0 0
0 0
0 0
0 0
0 0
0 0
0 0
0 0
0 0
0 0
0 0
0 0
0 0
0 0
0 0
0 0
0 0
0 0
0 0
0 0
0 0
0 0
0 0
0 0
0 0
0 0
0 0
0 0
0 0
0 0
0 0
106 0
0 0
0 0
2 0
0 0
0 0
0 0
0 0
0 0
0 0
3 1
0 0
0 0
0 0
0 0
0 0
0 0
0 0
0 0
0 0
3 0
0 0
0 0
0 0
0 0
0 0
0 1
0 0
0 0
0 0
0 0
0 0
0 0
1 0
0 0
0 0
0 0
0 0
0 0
0 0
0 0
0 0
0 0
0 0
0 0
0 0
0 0
1 0
0 0
0 0
0 0
0 0
0 0
0 0
0 0
0 0
0 0
0 0
0 0
0 0
0 0
0 0
0 0
0 0
0 0
0 0
0 0
118 1
0 0
2 0
0 0
0 0
0 0
0 0
0 0
0 0
1 0
0 0
0 0
0 0
0 0
4 0
0 0
0 0
0 0
0 0
0 0
0 0
0 0
1 0
0 0
0 0
0 0
1 0
0 0
1 1
0 0
1 0
0 0
1 0
0 0
0 0
0 0
0 0
0 0
0 0
1 0
0 0
0 0
0 0
0 0
0 0
0 0
0 0
1 0
0 0
0 0
0 0
0 0
0 0
0 0
0 0
0 0
0 0
0 0
0 0
0 0
0 0
0 0
0 0
0 0
0 0
0 2
0 0
0 0
0 0
0 0
0 0
0 0
2 0
0 0
0 0
0 2
0 0
0 1
0 0
1 0
0 0
0 0
0 0
0 0
0 0
0 0
0 0
0 0
0 0
0 0
0 0
1 0
0 0
1 1
5 0
2 0
0 0
3 0
10 0
0 0
0 0
0 0
0 0
39 3
1 0
0 0
0 0
0 0
0 0
0 0
2 0
1 0
3 0
0 1
0 0
0 0
0 0
7 0
0 0
0 0
1 0
1 0
0 0
0 0
0 0
1 1
0 0
0 0
0 0
1 0
7 0
9 0
0 0
0 0
1 4
0 0
0 0
32 0
162 48
4 2
16 559
9 250
1 246
12 4
1 109
7 105
28 13
37 26
2 1
3 2
221 1
22 229
137 6
22 0
15 1
60 2
184 14
159 8
1874 0
15 4
6 0
20 1
7 41
9 23
115 0
5 14
0 0
2 0
0 0
6 124
3 1
34 4
3 143
127 0
0 1
2 1
37 0
101 2
3 1
2 5
3 1
196 23
2 0
655 3
4133 24
121 1
15 2
4 0
10668 5
10 7
2 21
5 9
5 0
6 27
1088 148
0 3
6 1
1528 2
148 55
11 35
4 4
38 116
33 17
5 4
81 0
14 5
12 0
3 2
4 2
13 2
634 0
539 1
7 2
6 0
64 118
6 2
0 0
30 486
9 13
6 2
13 6
27 78
0 0
0 0
0 0
0 0
0 0
0 0
0 0
0 0
0 0
0 0
0 0
0 0
0 0
0 0
0 0
0 0
0 0
0 0
0 0
0 0
0 0
0 0
0 0
0 0
0 0
0 0
0 0
0 0
0 0
0 0
0 0
0 0
0 0
0 0
0 0
0 0
0 0
0 0
0 0
0 0
0 0
0 0
0 0
0 0
0 0
0 0
0 0
0 0
0 0
0 0
0 0
0 0
0 0
0 0
0 0
0 0
0 0
1 0
0 0
0 0
0 0
0 0
0 0
0 0
1369 150
0 0
0 0
0 0
0 0
0 0
0 0
0 0
0 0
0 0
0 0
0 0
0 0
0 0
0 0
0 0
0 0
0 0
0 0
0 0
0 0
0 0
0 0
1 0
0 0
0 0
0 0
0 0
0 0
0 0
0 0
0 0
0 0
0 0
0 0
0 0
0 0
0 0
0 0
0 0
0 0
0 0
0 0
0 0
0 0
0 0
0 0
0 0
0 0
0 0
0 0
0 0
0 0
0 0
0 0
0 0
0 0
0 0
0 0
0 0
0 0
0 0
0 0
0 0
0 0
0 0
0 0
0 0
0 0
0 0
0 0
0 0
0 0
0 0
0 0
0 0
0 0
0 0
0 0
0 0
0 0
0 0
0 0
0 0
0 0
0 0
0 0
0 0
0 0
0 0
0 0
0 0
0 0
0 0
0 0
0 0
0 0
0 0
3 0
0 0
0 0
0 0
0 0
0 0
0 0
0 0
0 0
0 0
0 0
0 0
0 0
0 0
0 0
0 0
0 0
0 0
0 0
0 0
0 0
0 0
0 0
0 0
0 0
0 0
0 0
0 0
0 0
0 0
0 0
0 0
0 0
0 0
0 0
0 0
0 0
0 0
0 0
0 0
0 0
0 0
0 0
0 0
0 0
0 0
0 0
0 0
0 0
0 0
0 0
0 0
0 0
0 0
0 0
0 0
0 0
0 0
0 0
0 0
0 0
0 0
0 0
0 0
0 0
0 0
0 0
0 0
0 0
0 0
0 0
0 0
0 0
0 0
0 0
0 0
0 0
0 0
0 0
0 0
0 0
0 0
0 0
0 0
0 0
0 0
0 0
0 0
0 0
0 0
0 0
0 0
0 0
0 0
0 0
0 0
0 0
0 0
0 0
0 0
0 0
0 0
0 0
0 0
0 0
0 0
0 0
0 0
0 0
0 0
0 0
0 0
0 0
0 0
0 0
0 0
0 0
0 0
0 0
0 0
0 0
0 0
0 0
0 0
0 0
0 0
0 0
0 0
0 0
0 0
0 0
0 0
0 0
0 0
0 0
0 0
0 0
0 0
0 0
0 0
0 0
0 0
0 0
0 0
0 0
0 0
0 0
0 0
0 0
0 0
0 0
0 0
0 0
0 0
0 0
0 0
0 0
0 0
0 0
0 0
0 0
0 0
0 0
0 0
0 0
0 0
0 0
0 0
0 0
0 0
0 0
0 0
0 0
0 0
0 0
0 0
0 0
0 0
0 0
0 0
0 0
1 0
0 0
0 0
0 0
0 0
0 0
0 0
0 0
0 0
0 0
0 0
0 0
0 0
0 0
0 0
0 0
0 0
0 0
0 0
1 0
1 0
0 0
0 0
0 0
0 0
0 0
0 0
0 0
0 0
0 0
0 0
0 0
0 0
0 0
0 0
0 0
1 0
0 0
0 0
0 0
0 0
0 0
0 0
0 0
1 0
0 0
2 0
1 0
0 0
10 0
1 0
0 0
0 0
0 0
0 0
0 0
0 0
0 0
0 0
0 0
0 0
0 0
0 0
0 0
0 0
2 0
0 1
18 25
4 1
7 1
15 4
328 258
0 0
33 2
41 401
15 7
1 0
683 18
1395 5
43 0
111 1
20 0
12 0
15 0
50 0
6 0
128 37
902 13
662 8
51 3
87 1
20 0
8 1
6 0
22 6
691 9
11 0
7 0
159 145
638 2
18 10
8 26
0 12
2979 3
403 3
155 7
25 2
2142 0
797 6
634 2
193 0
206 5
164 46
18 0
2 0
325 25
2316 13
17 0
10 2
8 0
5 8
2 0
64 1
795 0
2 0
9 4
97 28
5 0
31 0
18 0
90 2
97 0
337 1
6 1
21 60
43 10
0 1
18370 8
34 0
33 928
18 39
1501 9
1 0
8 13
664 239
7 12
40 0
1 1
4 1
2 0
3 0
31 3
16 80
8 158
0 0
7865 72
157 479
264 1
15 730
54 321
26 367
871 8
571 5
150 1
496 4
878 6
0 0
111 5
0 0
0 0
0 0
0 0
0 0
0 0
0 0
0 0
0 0
0 0
0 0
0 0
0 0
0 0
0 0
0 0
0 0
0 0
0 0
0 0
0 0
0 0
0 0
0 0
0 0
0 0
0 0
0 0
0 0
0 0
0 0
0 0
0 0
0 0
0 0
0 0
0 0
0 0
0 0
0 0
0 0
0 0
0 0
0 0
0 0
0 0
0 0
0 0
0 0
0 0
0 0
0 0
1 0
0 0
0 0
0 0
0 0
0 0
0 0
0 0
0 0
0 0
0 0
0 0
0 0
0 0
0 0
0 0
0 0
0 0
0 0
0 0
0 0
0 0
0 0
0 0
0 0
0 0
0 0
0 0
0 0
0 0
0 0
0 0
0 0
0 0
0 0
0 0
0 0
0 0
0 0
0 0
0 0
0 0
0 0
0 0
0 0
0 0
0 0
0 0
0 0
0 0
0 0
0 0
0 0
0 0
0 0
0 0
0 0
0 0
0 0
0 0
0 0
0 0
0 0
0 0
0 0
0 0
0 0
0 0
0 0
0 0
0 0
0 0
0 0
0 0
0 0
0 0
0 0
0 0
0 0
0 0
1 0
0 0
0 0
1 0
0 0
0 0
0 0
0 0
0 0
0 0
0 0
0 0
0 0
0 0
0 0
0 0
0 0
0 0
0 0
0 0
0 0
0 0
0 0
0 0
0 0
0 0
0 0
2 0
0 0
0 0
0 0
0 0
0 0
0 0
0 0
0 0
0 0
0 0
0 0
0 0
0 0
0 0
0 0
0 0
0 0
0 0
0 0
0 0
0 0
0 0
0 0
0 0
0 0
0 0
0 0
0 0
0 0
0 0
0 0
0 0
0 0
0 0
0 0
0 0
0 0
0 0
0 0
0 0
0 0
0 0
1 0
0 0
0 0
0 0
0 0
0 0
0 0
0 0
0 0
0 0
0 0
0 0
0 0
0 0
0 0
0 0
0 0
0 0
0 0
1 0
0 0
0 0
0 0
0 0
0 0
0 0
0 0
0 0
0 0
0 0
0 0
0 0
0 0
0 0
0 0
0 0
0 0
0 0
0 0
0 0
0 0
0 0
0 0
0 0
0 0
0 0
0 0
0 0
0 0
0 0
0 0
0 0
0 0
0 0
0 0
0 0
0 0
0 0
0 0
0 0
0 0
0 0
0 0
0 0
0 0
0 0
0 0
0 0
0 0
0 0
0 0
0 0
0 0
0 0
0 0
0 0
1 0
0 0
0 0
0 0
0 0
0 0
0 0
0 0
0 0
0 0
0 0
0 0
0 0
1 0
0 0
0 0
0 0
0 0
0 0
0 0
0 0
0 0
0 0
0 0
0 0
0 0
0 0
0 0
0 0
0 0
0 0
0 0
1 0
0 0
0 0
0 0
0 0
0 0
0 0
1 0
0 0
0 0
0 0
0 0
0 0
0 0
0 0
0 0
0 0
0 0
0 0
0 0
0 0
0 0
0 0
2 0
0 0
0 0
0 0
0 0
0 0
0 0
0 0
0 0
0 0
0 0
0 0
1 0
0 0
0 0
1 0
0 0
0 0
0 0
0 0
0 0
0 0
0 0
0 0
0 0
0 0
0 0
0 0
0 0
0 0
0 0
0 0
0 0
0 0
0 0
0 0
0 0
0 0
0 0
0 0
0 0
0 0
0 0
0 0
0 0
0 0
0 0
0 0
0 0
0 0
0 0
0 0
0 0
0 0
0 0
0 0
0 0
0 0
0 0
0 0
0 0
0 0
0 0
0 0
0 0
0 0
0 0
0 0
0 0
0 0
0 0
0 0
0 0
0 0
0 0
0 0
0 0
0 0
0 0
534 0
0 0
0 0
0 0
10 0
0 0
0 0
0 0
0 0
0 0
0 0
0 0
0 0
0 0
0 0
0 0
0 0
0 0
0 0
0 0
0 0
0 0
0 0
0 0
0 0
0 0
0 0
0 0
0 0
0 0
0 0
0 0
0 0
0 0
0 0
0 0
0 0
0 0
0 0
0 0
0 0
0 0
0 0
0 0
0 0
0 0
2 0
0 0
0 0
0 0
0 0
0 0
0 0
0 0
0 0
0 0
0 0
0 0
0 0
0 0
0 0
0 0
0 0
0 0
0 0
0 0
0 0
0 0
1 0
0 0
0 0
0 0
0 0
0 0
0 0
0 0
0 0
0 0
0 0
0 0
0 0
0 0
0 0
0 0
0 0
0 0
0 0
0 0
0 0
0 0
0 0
0 0
0 0
0 0
0 0
0 0
0 0
0 0
0 0
0 0
0 0
0 0
0 0
0 0
0 0
0 0
0 0
0 0
0 0
0 0
0 0
0 0
0 0
0 0
0 0
0 0
0 0
0 0
0 0
0 0
0 0
0 0
0 0
0 0
0 0
0 0
0 0
0 0
0 0
0 0
0 0
0 0
0 0
0 0
0 0
0 0
0 0
0 0
0 0
0 0
0 0
0 0
1 0
0 0
0 0
0 0
0 0
0 0
0 0
0 0
0 0
0 0
0 0
0 0
0 0
0 0
0 0
0 0
0 0
0 0
0 0
0 0
0 0
0 0
0 0
0 0
0 0
2 0
0 0
0 0
0 0
0 0
0 0
1 0
0 0
0 0
0 0
0 0
0 0
0 0
0 0
0 0
0 0
0 0
0 0
0 0
0 0
0 0
362 1
0 0
0 0
0 0
0 0
0 0
0 0
0 0
0 0
0 0
0 0
0 0
0 0
6 0
0 0
0 0
0 0
0 0
1 0
0 0
0 0
1 0
0 0
0 0
0 0
0 0
0 0
0 0
0 0
0 0
0 0
0 0
0 0
0 0
0 0
0 0
0 0
0 0
0 0
0 0
0 0
0 0
0 0
0 0
0 0
0 0
0 0
1 0
2 0
0 0
0 0
0 0
0 0
0 0
0 0
0 0
0 0
0 0
0 0
0 0
0 0
0 0
0 0
0 0
0 0
0 0
0 0
0 0
0 0
0 0
0 0
0 0
0 0
0 0
0 0
5 0
0 0
0 0
0 0
0 0
0 0
0 0
0 0
0 0
0 0
0 0
0 0
0 0
0 0
0 0
0 0
0 0
0 0
0 0
0 0
0 0
0 0
0 0
0 0
0 0
0 0
0 0
0 0
0 0
0 0
0 0
0 0
1 0
0 0
0 0
0 0
0 0
0 0
0 0
9 0
0 0
0 0
0 0
0 0
0 0
0 0
0 0
0 0
0 0
0 0
0 0
0 0
0 0
0 0
0 0
0 0
0 0
0 0
0 0
0 0
0 0
0 0
0 0
0 0
22 0
0 0
0 0
0 0
0 0
0 0
1 0
0 0
0 0
0 0
0 0
0 0
0 0
0 0
0 0
0 0
0 0
0 0
0 0
0 0
1 0
14 168
0 0
0 0
1 0
0 0
0 0
0 0
1 0
0 0
0 0
4 0
0 0
0 0
0 0
1 0
0 2
0 0
0 0
0 0
0 0
1 0
0 0
10 0
0 0
1 0
1 0
0 0
0 1
2 0
13 0
2 0
0 0
4 0
0 0
49 0
3 6
0 0
5 0
0 0
0 0
1 0
0 0
0 0
0 0
2 0
2 0
6 0
6 0
0 0
8 0
2 0
0 0
3 0
0 0
0 0
11 0
440 0
3 0
8 0
0 0
0 0
0 0
0 0
0 0
0 0
0 0
0 0
0 0
0 0
0 0
0 0
0 0
0 0
0 0
0 0
0 0
0 0
0 0
0 0
0 0
0 0
0 0
0 0
0 0
0 0
0 0
0 0
0 0
0 0
0 0
0 0
0 0
0 0
0 0
0 0
0 0
0 0
0 0
0 0
0 0
0 0
0 0
0 0
0 0
0 0
0 0
0 0
0 0
0 0
0 0
0 0
0 0
0 0
0 0
0 0
0 0
0 0
0 0
0 0
0 0
0 0
0 0
0 0
0 0
0 0
0 0
0 0
0 0
0 0
0 0
0 0
0 0
0 0
0 0
0 0
0 0
0 0
0 0
0 0
0 0
0 0
0 0
0 0
0 0
0 0
0 0
0 0
0 0
0 0
0 0
0 0
0 0
0 0
0 0
0 0
0 0
0 0
0 0
0 0
0 0
0 0
0 0
0 0
0 0
0 0
0 0
0 0
0 0
0 0
0 0
0 0
0 0
0 0
0 0
0 0
0 0
0 0
0 0
0 0
0 0
0 0
0 0
0 0
0 0
0 0
0 0
0 0
0 0
0 0
0 0
0 0
0 0
0 0
0 0
0 0
0 0
0 0
0 0
0 0
0 0
0 0
0 0
0 0
0 0
0 0
0 0
0 0
0 0
0 0
0 0
0 0
0 0
0 0
0 0
0 0
0 0
0 0
0 0
0 0
0 0
0 0
0 0
0 0
0 0
0 0
0 0
0 0
0 0
0 0
0 0
0 0
0 0
0 0
0 0
0 0
0 0
0 0
0 0
0 0
0 0
0 0
0 0
0 0
0 0
0 0
0 0
0 0
0 0
0 0
0 0
0 0
0 0
0 0
0 0
0 0
0 0
0 0
0 0
0 0
0 0
0 0
0 0
0 0
0 0
0 0
0 0
0 0
0 0
0 0
0 0
0 0
0 0
0 0
0 0
0 0
0 0
0 0
0 0
0 0
0 0
0 0
0 0
0 0
0 0
0 0
0 0
0 0
0 0
0 0
0 0
0 0
0 0
0 0
0 0
0 0
0 0
0 0
0 0
0 0
0 0
0 0
0 0
0 0
0 0
0 0
0 0
0 0
0 0
0 0
0 0
0 0
0 0
0 0
0 0
0 0
0 0
0 0
0 0
0 0
0 0
0 0
0 0
0 0
0 0
0 0
0 0
0 0
0 0
0 0
0 0
0 0
0 0
0 0
0 0
0 0
0 0
0 0
0 0
0 0
0 0
0 0
0 0
0 0
0 0
0 0
0 0
0 0
0 0
0 0
0 0
0 0
0 0
0 0
0 0
0 0
0 0
0 0
0 0
0 0
0 0
0 0
0 0
0 0
0 0
0 0
0 0
0 0
0 0
0 0
0 0
0 0
0 0
0 0
0 0
0 0
0 0
0 0
0 0
0 0
0 0
0 0
0 0
0 0
0 0
0 0
0 0
0 0
0 0
0 0
0 0
0 0
0 0
0 0
0 0
0 0
0 0
0 0
0 0
0 0
0 0
0 0
0 0
0 0
0 0
0 0
0 0
0 0
0 0
0 0
0 0
0 0
0 0
0 0
0 0
0 0
0 0
0 0
0 0
0 0
0 0
0 0
0 0
0 0
0 0
0 0
0 0
0 0
0 0
0 0
0 0
0 0
0 0
0 0
0 0
0 0
0 0
0 0
0 0
0 0
0 0
0 0
0 0
0 0
0 0
0 0
0 0
0 0
0 0
0 0
0 0
0 0
0 0
0 0
0 0
1 0
0 0
0 0
0 0
0 0
0 0
0 0
0 1
0 0
0 0
0 0
0 0
0 0
0 0
0 0
0 0
0 0
0 0
0 0
0 0
0 0
0 0
0 0
0 0
0 0
0 0
0 0
0 0
0 0
0 0
0 0
0 0
0 0
0 0
0 0
0 0
0 0
0 0
0 0
0 0
0 0
1 0
0 0
0 0
0 0
0 0
0 0
0 4
0 0
1 0
0 0
0 0
0 0
0 0
0 0
0 0
0 0
0 6
0 0
0 0
1 0
0 0
0 0
0 0
1 5
3 0
86 1512
0 7
698 12
2 32
29 0
1 2
26 0
40 0
13 27
74 0
12 2
0 11
98 1
0 0
11 1
22 29
4 1
10 0
34 0
146 0
2 1
4 0
200 16
40 0
17 191
2 1
0 0
2 186
72 1
0 1
15 0
11 4
4 32
3 4
164 41
3 16
2 57
22 199
2 92
37 0
186 22
0 0
1 2
20 212
0 0
0 1
2 8
2 7
0 0
0 0
0 0
0 0
0 0
0 0
0 0
0 0
0 0
0 0
0 0
0 0
0 0
0 0
0 0
0 0
0 0
0 0
0 0
0 0
0 0
0 0
0 0
0 0
0 0
0 0
0 0
0 0
0 0
0 0
0 0
0 0
0 0
0 0
0 0
0 0
0 0
0 0
0 0
0 0
0 0
0 0
0 0
0 0
0 0
0 0
0 0
0 0
0 0
0 0
0 0
0 0
0 0
0 0
0 0
0 0
0 0
0 0
0 0
0 0
0 0
0 0
0 0
0 0
0 0
0 0
0 0
0 0
0 0
0 0
0 0
0 0
0 0
0 0
0 0
0 0
0 0
0 0
0 0
0 0
0 0
0 0
0 0
0 0
0 0
0 0
0 0
0 0
0 0
0 0
0 0
0 0
0 0
0 0
0 0
0 0
0 0
0 0
0 0
0 0
0 0
0 0
0 0
0 0
0 0
0 0
0 0
0 0
0 0
0 0
0 0
0 0
0 0
0 0
0 0
0 0
0 0
0 0
0 0
0 0
1 0
0 0
0 0
0 0
0 0
0 0
0 0
0 0
0 0
0 0
0 0
0 0
0 0
0 0
0 0
0 0
0 0
0 0
0 0
0 0
0 0
0 0
0 0
0 0
0 0
0 0
0 0
0 0
0 0
0 0
0 0
0 0
0 0
0 0
0 0
0 0
0 0
0 0
1 0
0 0
0 0
0 0
0 0
0 0
0 0
0 0
0 0
0 0
0 0
0 0
0 0
0 0
0 0
0 0
0 0
0 0
0 0
0 0
0 0
0 0
0 0
0 0
0 0
0 0
0 0
0 0
0 0
1 0
0 0
0 0
0 0
0 0
0 0
0 0
0 0
0 0
0 0
0 0
0 0
0 0
0 0
0 0
0 0
0 0
0 0
0 0
0 0
0 0
0 0
0 0
0 0
0 0
0 0
0 0
0 0
0 0
0 0
0 0
0 0
0 0
0 0
0 0
0 0
0 0
0 0
0 0
0 0
0 0
0 0
0 0
0 0
0 0
0 0
0 0
0 0
0 0
1 1
0 0
0 0
0 0
0 1
0 0
0 0
0 0
0 1
0 0
0 0
0 0
0 0
0 0
0 0
0 0
0 0
0 0
0 0
0 0
0 0
0 0
0 0
0 0
0 0
0 0
0 0
0 0
0 0
0 0
0 0
0 0
0 0
0 0
0 0
0 0
0 0
0 0
0 0
0 0
0 0
0 0
0 0
0 0
0 0
0 0
0 0
0 0
0 0
0 0
0 0
0 0
0 0
0 0
0 0
0 0
0 0
0 0
0 0
0 0
0 0
0 0
0 0
0 0
0 0
0 0
1 0
0 0
0 0
0 0
0 0
0 0
0 0
0 0
0 0
1 0
0 0
0 0
1 5
0 0
0 0
0 0
0 0
3 0
0 0
0 0
4 0
0 0
0 0
0 0
1 0
2 0
1 0
6 0
0 0
0 0
0 0
0 1
3 1
2 0
2 0
0 0
1 0
0 0
0 0
0 0
0 0
0 0
0 0
4 0
0 0
0 0
0 2
0 0
0 16
0 0
0 0
0 0
0 0
2 0
68 0
0 0
1 0
0 1
0 0
0 0
41 1633
369 11
95 4
110 0
3 558
3 13
197 1
158 1
195 49
6 157
231 1
6 1
1 1
2 24
0 42
25 0
0 0
0 29
27 5
13 15
124 4
5 32
7 1
108 29
354 8
7 7
3 0
5 29
6 266
841 1
19 0
35 0
1 1
3 81
2 1
1 0
2 34
8 0
0 18
32 0
31 0
2 0
198 0
18 0
234 9
1 0
117 12
0 0
8 78
51 2
110 1
13 4
85 2
33 0
20 1
1 9
35 8
1 4
2091 37
68 42
260 1
2 0
626 4
14 0
80 0
374 0
15 142
19 2
12 0
7 1
237 1
6 8
298 0
52 33
10 1
0 63
14 0
220 36
80 0
5 0
8 4
17 0
58 0
54 0
2 4
6 23
1 3
4 0
4 0
6 4
1 0
10 3
92 0
21 0
45 3
34 497
0 2
154 0
45 1214
369 1
19 0
0 0
0 0
0 0
0 0
0 0
0 0
0 0
0 0
0 0
0 0
0 0
0 0
0 0
0 0
0 0
0 0
0 0
0 0
0 0
0 0
0 0
0 0
0 0
0 0
0 0
0 0
0 0
0 0
0 0
0 0
0 0
0 0
0 0
0 0
0 0
0 0
0 0
0 0
0 0
0 0
0 0
0 0
0 0
0 0
0 0
0 0
0 0
0 0
0 0
0 0
0 0
0 0
0 0
0 0
0 0
0 0
0 0
0 0
0 0
0 0
0 0
0 0
0 0
0 0
0 0
0 0
0 0
0 0
0 0
0 0
0 0
0 0
0 0
0 0
0 0
0 0
0 0
0 0
0 0
0 0
0 0
0 0
0 0
0 0
0 0
0 0
0 0
0 0
0 0
0 0
0 0
0 0
0 0
0 0
0 0
0 0
0 0
0 0
0 0
0 0
0 0
0 0
0 0
0 0
0 0
0 0
0 0
0 0
0 0
0 0
0 0
0 0
0 0
1 0
0 0
0 0
0 0
0 0
0 0
0 0
0 0
0 0
0 0
0 0
0 0
0 0
0 0
0 0
0 0
0 0
0 0
0 0
0 0
0 0
0 0
0 0
0 0
0 0
0 0
0 0
0 0
0 1
0 0
0 0
0 0
0 0
0 0
0 0
0 0
0 0
0 0
0 0
0 0
0 0
0 0
0 0
0 0
0 0
0 0
0 0
0 0
0 0
0 0
0 0
1 0
0 0
0 0
1 0
0 0
0 0
0 0
0 0
0 0
0 0
0 0
0 0
0 0
0 0
0 0
0 0
0 0
0 0
0 0
0 0
0 0
0 0
0 0
0 0
0 0
0 0
0 0
0 0
0 0
0 0
0 0
0 0
1 9
0 0
0 0
0 0
0 0
0 0
0 0
0 0
0 0
0 0
0 0
0 0
1 0
1 0
0 0
1 0
0 0
0 0
0 1
0 0
0 0
0 0
0 0
0 0
0 0
0 0
0 0
1 1
22 0
72 3
0 0
2 262
5 0
1 1
2 0
0 7
0 1
0 0
0 0
187 3
0 0
19 2
27 3
5 3
24 1
2 0
1 0
1 74
0 0
2 0
0 0
3 1
41 1
25 0
10 0
6 3
75 12
187 8
38 2
6 2
3 0
0 0
2 10
8 0
3 0
21 1
8 0
101 415
16 0
1 4
5 1
5 1
0 0
3 0
0 0
0 0
0 0
29 4
1 0
1 1
84 4
9 9
1 0
1 0
1 0
15 0
11 1
2 3
17 7
1 11
4 0
160 32
25 4
19 0
276 50
10 1
6 3
2 91
0 2
11 0
11 0
14 0
4 0
0 1
2 0
0 0
0 0
41 1
0 0
3 1
0 1
1 0
30 0
2 0
0 0
4 3
9 8
1 0
1 0
17 0
90 2
0 19
46 0
4 3
0 10
0 0
0 0
0 0
0 0
0 0
0 0
0 0
0 0
0 0
0 0
0 0
0 0
0 0
0 0
0 0
0 0
0 0
0 0
0 0
0 0
0 0
0 0
0 0
0 0
0 0
0 0
0 0
0 0
0 0
0 0
0 0
0 0
0 0
0 0
0 0
0 0
0 0
0 0
0 0
0 0
0 0
0 0
0 0
0 0
0 0
0 0
0 0
0 0
0 0
0 0
0 0
0 0
0 0
0 0
0 0
0 0
0 0
0 0
0 0
0 0
0 0
0 0
0 0
0 0
0 0
0 0
0 0
0 0
0 0
0 0
0 0
0 0
0 0
0 0
0 0
0 0
0 0
0 0
0 0
0 0
0 0
0 0
0 0
0 0
0 0
0 0
0 0
0 0
0 0
0 0
0 0
0 0
0 0
0 0
0 0
0 0
0 0
0 0
0 0
0 0
0 0
0 0
4 1
2 1
0 3
0 0
0 0
0 0
0 3
0 6
0 0
28 0
44 1
29 3
138 44
9 0
4 0
32 2
0 0
2 7
111 57
2 70
31 0
3 0
2 90
2 12
78 26
2 21
9 0
201 161
311 27
15 8
0 0
382 1
0 0
5 75
0 4
16 2
33 1
13 428
28 1
2 124
3 155
5 166
332 46
45 28
5 2
30 3
0 0
1 4
16 1
139 4
2 1
11 15
2 2
2 36
105 9
7 85
5 57
26 27
37 587
32 3976
0 0
0 0
0 0
0 0
0 0
0 0
0 0
0 0
0 0
0 0
0 0
0 0
0 0
0 0
0 0
0 0
0 0
0 0
0 0
0 0
0 0
0 0
0 0
0 0
0 0
0 0
0 0
0 0
0 0
0 0
0 0
0 0
0 0
2 0
0 0
2 0
0 5
1 0
1 2
1 0
3 1
0 0
0 0
1 0
1 0
1 0
0 0
0 0
5 0
0 3
13 0
2 0
6 0
1 2
1 0
6 0
2 0
1 0
1 0
0 0
5 0
0 0
1 0
55 0
0 1
0 0
0 0
0 0
1 0
1 0
0 0
0 1
0 3
0 0
9 0
1 0
1 23
12 4
7 9
8 10
10 8
5 5
2 4
11 0
34 2
35 0
7 12
13 1
3 2
35 0
3 0
70 0
77 5
21 57
22 0
81 2
22 0
0 0
2 0
25 22
42 15
7 2
8 0
15 1
60 0
369 1
4 0
97 0
15 28
36 24
80 0
278 0
83 0
1958 4
10 3
3 86
111 0
32 7
202 9
22 18
40 0
40 14
262 0
87 1
4 16
56 0
227 1
14 0
32 0
810 145
6 3
1 12
116 0
16 8
745 1
28 98
7 9
43 0
176 0
35 14
0 0
746 20
31 1
25 29
49 23
6 46
243 0
48 0
109 1129
61 69
21 30
0 0
0 0
0 0
0 0
0 0
0 0
0 0
0 0
0 0
0 0
0 0
0 0
0 0
0 0
0 0
0 0
0 0
0 0
0 0
0 0
0 0
0 0
1 0
0 0
0 0
0 0
0 0
0 0
0 0
0 0
0 0
0 0
0 0
0 0
0 0
0 0
0 0
0 0
0 0
0 0
0 0
0 0
0 0
0 0
0 0
0 0
3 0
0 0
0 0
0 0
0 0
0 0
0 0
0 0
0 0
0 0
0 0
0 0
0 0
0 0
0 0
0 0
0 0
1 0
0 0
0 0
0 0
0 0
0 0
0 0
0 0
0 0
0 0
0 0
0 0
0 0
0 0
0 0
0 0
0 0
0 0
0 0
0 0
0 0
0 0
1 0
0 0
0 0
0 0
0 0
0 0
0 0
1 0
0 0
0 0
0 0
0 0
0 0
0 0
0 0
0 0
0 0
0 0
0 0
0 0
0 0
0 0
0 0
0 0
0 0
0 0
0 0
0 0
0 0
0 0
0 0
0 0
0 0
0 0
0 0
0 0
0 0
2 0
0 0
1 0
0 0
0 0
0 0
0 0
0 0
0 0
0 0
0 0
0 0
0 0
13 0
0 0
1 0
1 0
0 0
1 0
0 0
0 0
2 0
5 0
40 0
12 0
0 0
0 0
0 0
0 0
0 0
0 2
0 0
1 0
0 0
61 2
281 0
2 5
0 56
3 0
348 11
23 3
38 2
30 1
37 2
10 0
48 0
0 1
0 0
12 1
319 1
15 3
8 0
3 247
295 2
48 5
1 2
13 0
236 16
8 14
107 0
24 1
8 2
13 90
37 10
572 48
17 1
5 1
43 1
48 1
13 0
65 55
71 7
55 0
19 11
86 2
158 2
116 7
130 3
76 22
1011 24
106 2
42 3
25 2
24 62
24 4
32 11
29 4
29 8
28 5
28 2
23 2
15 0
22 1
16 3
46 3
24 3
17 0
27 1
17 2
41 5
24 3
18 127
31 5
39 24
83 0
291 3
44 1
80 3
0 0
78 474
185 1
421 10
0 0
0 0
0 0
0 0
