1 0
122 6
317 0
19 280
483 1
472 33
1907 0
148 3
2148 2
17966 23
34 0
224 0
950 0
335 0
223 0
283 2
91 0
473 0
545 0
377 0
108621 124
170 0
54 0
2016 3
23 510
89 5
576 0
9134 1
545 0
1154 0
1363 0
599 0
1000 0
231 9
88 0
17 1
42 11
136 1
864 0
620 0
145 0
459 1
11 928
94 0
233 0
1206 6
7500 83
5024 12
474 47
9 74
1641 9
38 2
104 0
2511 1
77 0
440 0
262 0
11 19
768 0
9710 20
53 0
459 1
1102 0
229 2
2750 1
1007 2
373 4
4231 16
406 1
1003 0
3444 2
98 0
939 21
89 0
749 0
31 0
705 23
102 155
3583 10
11104 4
713 0
334 0
0 13
3483 9
393 1
4974 1
8 18
6650 5
497 0
2139 1
2793 2
910 2
11286 2
2227 0
4 22
767 2
148 1
4466 7
1575 0
480 1
67 0
2007 1
1853 1
47 0
1853 1
1 1327
1001 76
573 0
7 40
14 1143
31 355
3592 10
80 2
255 3
305 8
3663 37
468 0
787 0
757 0
1881 1
33 10
2604 1
272 0
1522 1
1371 0
1 0
0 0
0 0
0 0
0 0
0 0
0 0
0 0
0 0
0 0
0 0
0 0
0 0
0 0
0 0
0 0
0 0
0 0
0 0
0 0
0 0
0 0
0 0
0 0
0 0
0 0
0 0
0 0
1 0
0 0
0 0
0 0
0 0
0 0
0 0
0 0
0 0
0 0
0 0
0 0
0 0
1 0
0 0
0 0
0 0
0 0
0 0
0 0
0 0
0 0
0 0
0 0
0 0
0 0
0 0
0 0
0 0
0 0
0 0
0 0
0 0
0 0
0 0
0 0
0 0
0 0
0 0
0 0
0 0
0 0
0 0
0 0
0 0
0 0
0 0
0 0
0 0
0 0
0 0
0 0
0 0
0 0
0 0
0 0
0 0
0 0
0 0
0 0
0 0
1 0
0 0
0 0
0 0
0 0
0 0
0 0
0 0
0 0
0 0
0 0
1 0
0 0
0 0
0 0
0 0
0 0
0 0
0 0
0 0
0 0
0 1
0 0
0 0
0 0
0 0
0 0
0 0
0 0
0 0
0 0
0 0
0 0
0 0
0 0
0 0
0 0
0 0
1 0
0 0
0 0
0 0
1 0
0 0
0 0
0 0
0 0
0 0
0 0
0 0
0 0
0 0
0 0
0 0
1 0
35 0
5 0
2 0
2 0
0 0
7 0
0 0
8 0
1 0
2 0
3 0
9 0
0 0
0 0
6 0
3 0
16 0
27 0
8 0
6 0
2 0
0 0
0 10
4 25
0 2
15 0
4 0
2 0
24 0
4 0
0 0
0 0
0 0
0 0
0 0
0 0
11 0
4 0
12 1
12 0
11 1
1 0
0 0
9 0
3 2
1 0
0 0
0 0
0 0
15 0
0 0
1 0
0 0
3 0
13 0
0 0
1 0
42 0
38 0
8 0
11 0
3 0
1 1
8 0
2 0
0 29
1 0
0 0
31 0
5 0
124 0
3 0
28 0
1 0
12 0
4 0
3 0
0 0
1 0
4 0
12 9
3 1
4416 3
11882 7
731 0
205 1
553 0
448 4
1463 0
905 1
3337 1
1320 1
18 762
3057 2
7341 1
255 0
1733 0
151 9
141 1
1163 1
22 949
1154 1
130 11
93 3
266 0
9 1
145 2
479 0
545 3
774 0
76 0
1856 1
88131 100
397 0
1757 0
308 6
123 1
434 0
3 362
1734 1
187 0
2118 1
1663 1
5249 1
3959 0
221 1
394 0
770 0
319 0
2 5
1723 1
1372 0
5 11
2107 4
21 6
2522 1
1756 1
987 0
1407 0
136 2
1580 5
2 4
1478 16
65 1
5834 28
3033 2
10121 8
9 4175
84 2
5619 3
1549 0
847 1
47 3087
12 109
2279 3
3681 2
2353 1
2327 2
382 105
297 0
4353 0
68 1705
1041 1
347 14
131 0
107 4
14 1815
2909 4
44 0
241 1
1022 0
5 0
139 0
8 1
27 710
6 156
3 122
2336 46
444 5
951 1
2981 8
1379 1
8962 3
4 62
3932 106
17 1206
861 0
391 6
1515 1
312 7
477 0
6 1
23 85
494 0
1586 1
681 1
436 3
396 0
4989 275
245 177
1479 231
822 1
15 0
36 0
27 0
24 0
70 0
554 3
588 3
25 82
2190 0
11229 144
458 0
105 0
1766 0
18815 6
11 3756
842 0
802 28
2105 3
334 0
35 0
143 1768
3 0
2851 7
385 1
71 1
2461 0
211 4
85 0
215 0
500 768
96 26
382 0
232 0
627 0
1571 0
4221 1132
3803 5
93 0
4308 2
47 0
7214 3
673 0
2306 18
448 4
282 868
282 219
103 46
49 134
368 0
1427 9
31 4110
288 22
103 0
601 1
2 167
19 1245
432 0
594 0
2790 4
1 122
244 1
0 0
0 0
0 0
0 0
0 0
0 0
0 0
0 0
0 0
0 0
0 0
0 0
0 0
0 0
0 0
0 0
0 0
0 0
0 0
0 0
0 0
0 0
0 0
0 0
0 0
0 0
0 0
0 0
0 0
0 0
0 0
0 0
0 0
0 0
0 0
0 0
0 0
0 0
0 0
0 0
0 0
0 0
0 0
0 0
0 0
0 0
0 0
0 0
0 0
0 0
0 0
0 0
0 0
0 0
0 0
0 0
0 0
0 0
0 0
0 0
0 0
0 0
0 0
0 0
0 0
0 0
0 0
0 0
0 0
0 0
0 0
0 0
0 0
0 0
0 0
1 0
0 0
0 0
0 0
0 0
0 0
0 0
1 0
0 0
0 0
0 0
0 0
0 0
0 0
0 9
0 0
0 0
0 0
0 0
11 0
1 0
0 0
3 1
1 0
1 1
0 1
0 0
10 0
3 0
0 0
2 0
0 0
10 1566
2572 8
2 1
1194 1
168 11
33 0
3 2
246 2129
10189 2
68 21827
460 20
33888 34
0 0
0 0
0 0
0 0
0 0
0 0
0 0
0 0
0 0
0 0
0 0
0 0
0 0
0 0
0 0
0 0
0 0
0 0
0 0
0 0
0 0
0 0
0 0
2 0
1 0
0 0
0 0
0 0
0 0
0 0
0 0
0 0
0 0
0 0
0 0
0 0
1 0
0 0
0 0
0 0
0 0
0 0
0 0
0 0
0 0
0 0
0 0
1 0
0 0
0 0
0 0
5 0
0 0
13 0
10 0
10 0
1 6
2 5
1 0
5 0
0 0
0 0
699 0
3 11
1 148
44 0
91 1
2 712
28 0
6 870
4 8
17 0
37 0
5 130
3 1
4 2
1 67
9 4
27 0
37 0
15 7
277 9
2 0
268 2
98 0
43 0
9 0
361 1
1980 6
205 2
4 0
0 0
0 0
0 0
0 0
0 0
0 0
0 0
0 0
0 0
0 0
0 0
0 0
0 0
0 0
0 0
0 0
0 0
0 0
0 0
0 0
0 0
0 0
0 0
0 0
0 0
0 0
0 0
0 0
0 5
0 0
0 0
0 0
0 0
0 0
0 0
0 0
0 0
0 0
0 0
0 0
0 0
0 0
0 0
0 0
0 0
2 0
1 0
0 0
0 0
2 0
26 0
6 14
0 0
4 0
126 1
63 269
1569 5
473 2
213 1
14 3159
165 31
9 0
1377 0
2203 5
276 0
18 2657
365 2
11 24
16 1
8 4
23 1201
16 9
305 73
0 5
6 3
180 2
27495 5
4416 2
3331 1
3323 13
890 3
46 0
474 8
1187 1
948 13
0 0
0 0
0 0
0 0
0 0
0 0
0 0
0 0
0 0
0 0
0 0
0 0
0 0
0 0
0 0
0 0
1 0
1 0
0 0
0 0
0 0
0 0
0 0
0 0
0 0
0 0
0 0
1 0
0 0
0 0
0 0
0 0
0 0
0 0
0 0
0 0
0 0
0 0
0 0
0 0
0 0
0 0
1 0
0 0
0 0
0 0
0 0
0 0
0 0
0 0
0 0
0 0
0 0
0 0
0 0
0 0
0 0
0 0
1 0
0 0
0 0
0 0
0 0
0 0
0 0
2 0
0 0
0 0
0 0
0 0
0 0
0 0
0 0
0 0
1 0
0 0
0 0
0 0
0 0
0 0
0 0
0 0
0 0
0 0
0 0
1 0
1 0
0 0
0 0
0 0
4 0
0 0
0 0
1 1
1 0
0 0
1 0
0 0
0 0
1 1
2 0
0 0
1 0
0 0
0 0
0 0
0 0
0 0
0 0
1 0
0 0
0 0
0 0
0 0
0 0
0 3
1 0
0 0
0 0
0 0
0 0
0 0
0 0
0 0
0 0
0 0
0 0
0 0
0 0
0 0
0 0
0 0
0 0
0 0
0 0
0 0
0 0
0 0
0 0
0 0
0 0
0 0
0 0
0 0
0 0
0 0
0 0
0 0
0 0
1 0
0 0
0 0
0 0
0 0
0 0
0 0
0 1
0 0
0 0
0 0
0 0
0 0
0 0
0 2
0 0
1 0
0 2
21 0
2 0
0 0
2 0
0 0
1 0
0 0
1 0
0 0
57 0
0 0
2 0
0 5
1 3
15 0
4 0
1 0
4 0
0 5
1 0
5 0
0 9
5 0
5 0
1 1
7 0
0 0
7 0
0 13
3 0
3 0
0 0
0 0
1 1
8 0
5 0
0 1
5 0
2 4
20 0
3 0
0 0
0 0
3 0
7 0
0 0
2 0
5 0
0 0
0 0
4 0
6847 9
637 1
219 62
34 252
37 1
329 0
609 0
3674 2
839 5
2965 1
817 3
692 1
670 26
1044 0
574 4
43 1662
1654 0
16 709
2397 371
2265 18
744 150
518 2
7 456
18 94
2213 1
209 12
980 2
10 56
354 2
796 28
4 29
13 0
2156 604
2334 40
11 3166
1673 0
1796 5
25 77
16 692
1888 3
15 2040
15 2040
1943 11
4986 596
10 126
639 197
172 1
11 3
1138 141
21945 152
1893 7
854 3
8775 30
1535 6
1008 0
81 694
6127 4
3485 4
7660 2
0 0
0 0
0 0
0 0
0 0
0 0
0 0
0 0
0 0
0 0
0 0
0 0
0 1
0 0
0 0
1 0
0 0
0 0
0 0
2 0
0 0
0 0
0 0
0 1
0 0
0 0
0 0
3 1
0 0
0 0
0 0
0 0
0 0
0 0
1 0
1 0
0 0
0 0
0 0
0 0
0 0
0 0
0 0
0 0
0 0
0 0
0 0
0 0
0 0
0 0
0 0
0 3
0 0
0 0
0 0
0 0
0 0
0 1
0 0
0 0
0 0
0 0
0 0
0 2
0 1
0 0
0 0
0 0
1 0
0 0
0 0
0 0
0 0
0 0
0 0
0 0
0 0
0 0
0 0
0 0
0 0
0 0
0 0
0 0
0 0
0 0
1 0
0 0
0 0
0 0
0 0
0 0
0 0
0 0
0 0
0 0
0 0
0 0
0 1
0 0
0 0
0 0
4 0
0 0
0 0
0 0
0 0
0 0
0 0
0 0
0 0
0 0
0 0
0 0
0 0
0 0
1 0
0 0
0 0
0 0
0 0
1 0
1 0
0 0
1 0
3 0
1 0
0 0
0 0
0 0
0 0
0 0
0 2
19 0
3 0
1 0
2 43
1 18
6 0
0 0
9 0
12 0
0 0
1 2
0 0
4 0
4 7
30 0
0 0
17 0
1 9
2 1
2 0
8 0
17 507
8 227
387 14
4 3
1 1
11 1563
1409 3
440 10
1268 1
58 0
15 4241
141 2
12 9
1 1
16 135
8 367
1045 0
403 0
362 0
52 1
3812 0
9 7
30124 275
2 2
10 760
21 1254
2 45
345 36
13 0
10 1
3975 8
366 2
27 560
55 0
93 53
3 2
18 10
1 3
215 0
1 19
109 44
2 0
1471 4
2672 1
4613 34
0 0
0 0
0 0
0 0
0 0
0 0
0 0
0 0
0 0
0 0
0 0
0 0
0 0
0 0
0 0
0 0
0 0
0 0
0 0
0 0
0 0
0 0
0 0
0 0
0 0
0 0
0 0
0 0
0 0
0 0
0 0
0 0
0 0
0 0
0 0
0 0
0 0
0 0
0 0
0 0
0 0
0 0
0 0
0 0
0 0
0 0
0 0
0 0
0 0
0 0
0 0
0 0
0 0
0 0
0 0
0 0
0 0
0 0
0 0
0 0
0 0
0 0
0 0
0 0
0 0
0 0
1 0
0 0
0 0
0 0
0 0
0 0
0 0
0 0
0 0
0 0
0 0
0 0
0 0
0 0
0 0
0 0
0 0
0 0
0 0
0 0
0 0
0 0
0 0
0 0
0 0
0 0
0 0
0 0
0 0
0 0
0 0
0 0
0 0
0 0
0 0
0 0
0 0
0 0
0 0
0 0
0 0
0 0
0 0
0 0
0 0
0 0
0 0
0 0
0 0
0 0
0 0
0 0
0 0
0 0
0 0
0 0
0 0
0 0
0 0
0 0
0 0
0 0
0 0
0 0
0 0
0 0
0 0
0 0
0 0
0 0
0 0
0 0
0 0
0 0
0 0
0 0
0 0
0 0
0 0
0 0
0 0
0 0
0 0
0 0
0 0
0 0
0 0
0 0
0 0
0 0
0 0
0 0
0 0
0 0
0 0
0 0
0 0
0 0
0 0
0 0
0 0
0 0
0 0
0 0
0 0
0 0
0 0
0 0
0 0
0 0
0 0
0 0
0 0
0 0
0 0
0 0
0 0
0 0
0 0
0 0
0 0
0 0
0 0
1 0
0 0
0 0
0 0
0 0
0 0
0 0
0 0
1 0
0 0
0 0
0 0
0 0
0 0
0 0
0 0
0 0
0 0
0 0
0 0
1 0
0 0
1 0
4 0
0 0
0 0
0 0
0 0
0 0
3 0
113 3
2488 1
140 4
9 3967
3015 0
23 38
151 1
2 3
1395 5
37 16
50 0
537 0
37 3
42 123
128 37
40 0
0 2
52 1
6 0
0 9
24 2175
10288 27
63 0
114 4
87 19
22 1
6 72
2 35
168 0
126 0
349 19
83 0
33 1
2087 28
864 10
4168 1
158 0
1638 0
111 0
561 2
129 0
6 54
568 25
45 1
220 0
4 2
1036 49
711 387
56 550
0 0
0 0
0 0
0 0
0 0
0 0
0 0
0 0
0 0
0 0
0 0
0 0
0 0
0 0
0 0
0 0
0 0
0 0
0 0
1 0
0 0
0 0
0 0
0 0
0 0
0 0
0 0
0 0
0 0
0 0
0 0
0 0
0 0
0 0
0 0
0 0
0 0
0 0
0 0
0 0
0 0
0 0
0 0
0 0
0 0
0 0
0 0
0 0
0 0
0 0
0 0
0 0
0 0
0 0
0 0
0 0
0 0
0 0
0 0
0 0
0 0
0 0
0 0
0 0
0 0
0 0
0 0
0 0
0 0
0 0
0 0
0 0
0 0
0 0
0 0
0 0
0 0
0 0
0 0
0 0
0 0
0 0
0 0
0 0
0 0
0 0
0 0
0 0
0 0
0 0
0 0
0 0
0 0
0 0
0 0
0 0
0 0
0 0
0 0
0 0
0 0
1 0
0 0
0 0
0 0
0 0
0 0
0 0
0 0
0 0
0 0
0 0
0 0
0 0
0 0
0 0
0 0
0 0
0 0
0 0
0 0
1 0
0 0
0 0
0 0
0 0
0 0
0 0
0 0
0 0
0 0
0 0
0 0
0 0
0 0
0 0
0 0
0 0
0 0
0 0
0 0
0 0
0 0
0 0
0 0
0 0
0 0
0 0
0 0
0 0
0 0
0 0
0 0
0 0
0 0
0 0
0 0
0 0
0 0
0 0
0 0
0 0
0 0
0 0
0 0
0 0
0 0
0 0
0 0
0 0
0 0
0 0
0 0
0 0
0 0
0 0
0 0
0 0
0 0
0 0
0 0
0 0
0 0
0 0
0 0
0 0
0 0
1 0
0 0
0 0
0 0
0 0
0 0
0 0
0 0
0 0
0 0
0 0
0 0
0 0
0 0
0 0
0 0
0 0
0 0
0 0
0 0
0 0
0 0
0 0
0 0
0 0
0 0
0 0
0 0
0 0
0 0
0 0
0 0
0 0
0 0
0 0
0 0
0 0
0 0
0 0
0 0
0 0
0 0
0 0
0 0
0 0
0 0
0 0
0 0
0 0
0 0
0 0
0 0
1 0
0 0
0 0
0 0
0 0
0 0
0 0
0 0
0 0
0 0
0 0
0 0
0 0
0 0
0 0
0 0
0 0
0 0
0 0
0 0
0 0
0 0
1 0
0 0
0 0
0 0
0 0
0 0
0 0
0 0
0 0
0 0
0 0
0 0
0 0
0 0
0 0
0 0
0 0
0 0
0 0
0 0
0 0
0 0
0 0
0 0
0 0
0 0
0 0
1 0
0 0
0 0
0 0
0 0
0 0
0 0
1 0
0 0
0 0
1 0
1 0
0 0
0 0
2 0
0 0
0 0
0 0
0 0
0 0
0 0
0 0
0 0
0 0
0 0
0 0
0 0
0 0
0 0
0 0
0 0
0 0
0 0
0 0
0 0
0 0
0 0
0 0
0 0
1 0
0 0
0 0
0 0
0 0
0 0
0 0
0 0
0 0
0 0
0 0
0 0
0 0
0 0
0 0
0 0
0 0
0 0
0 0
0 0
0 0
0 0
0 0
0 0
0 0
0 0
0 0
0 0
0 0
0 0
0 0
0 0
0 0
0 0
0 0
0 0
0 0
0 0
0 0
0 0
0 0
0 0
0 0
0 0
0 0
0 0
0 0
0 0
0 0
0 0
0 0
0 0
0 0
0 0
0 0
0 0
0 0
0 0
0 0
0 0
0 0
0 0
0 0
0 0
0 0
0 0
0 0
0 0
0 0
0 0
0 0
0 0
0 0
0 0
0 0
0 0
0 0
0 0
0 0
0 0
0 0
0 0
0 0
0 0
0 0
0 0
0 0
0 0
0 0
0 0
0 0
0 0
0 0
0 0
0 0
0 0
0 0
0 0
0 0
0 0
0 0
0 0
0 0
0 0
0 0
0 0
0 0
534 0
0 0
0 0
0 0
10 0
0 0
0 0
0 0
0 0
0 0
0 0
0 0
0 0
0 0
0 0
0 0
0 0
0 0
0 0
0 0
0 0
0 0
2 0
0 0
0 0
0 0
0 0
0 0
0 0
0 0
0 0
1 0
0 0
0 0
0 0
0 0
0 0
0 0
0 0
0 0
0 0
0 0
0 0
0 0
0 0
0 0
0 0
0 0
0 0
0 0
0 0
0 0
0 0
2 0
0 0
0 0
0 0
0 0
0 0
0 0
0 0
0 0
0 0
0 0
0 0
0 0
0 0
0 0
0 0
0 0
0 0
0 0
0 0
0 0
0 0
0 0
0 0
0 0
0 0
0 0
0 0
0 0
0 0
0 0
0 0
0 0
0 0
0 0
0 0
0 0
0 0
0 0
0 0
0 0
0 0
0 0
0 0
0 0
0 0
0 0
0 0
1 0
0 0
0 0
0 0
0 0
0 0
0 0
0 0
0 0
0 0
0 0
0 0
0 0
0 0
1 0
0 0
0 0
0 0
0 0
0 0
0 0
0 0
0 0
0 0
0 0
0 0
0 0
0 0
0 0
0 0
0 0
0 0
0 0
0 1
0 0
0 0
0 0
0 0
0 0
0 0
0 0
0 0
0 0
0 0
0 0
0 0
0 0
0 0
0 0
0 0
0 0
0 0
0 0
0 0
0 0
0 0
0 0
0 0
0 0
0 0
0 0
0 0
0 0
0 0
0 0
0 0
0 0
0 0
0 0
0 0
0 0
0 0
1 0
0 0
0 0
1 0
0 0
0 0
0 0
0 0
0 0
0 0
0 0
0 0
0 0
0 0
0 0
0 0
0 0
0 0
0 0
0 0
0 1
0 0
0 0
0 0
0 0
0 0
0 0
0 0
0 0
0 0
0 0
0 0
0 0
0 0
0 0
0 0
0 0
0 0
0 0
0 0
0 0
0 0
0 0
0 0
0 0
0 0
0 0
0 0
18 0
0 0
0 0
0 0
0 0
0 0
0 0
0 0
0 0
0 0
13 0
0 0
0 0
0 0
0 0
0 0
0 0
0 0
0 0
0 0
0 0
0 0
0 0
0 0
0 0
0 0
0 0
0 0
0 0
0 0
0 0
0 0
0 0
0 0
0 0
0 0
0 0
0 0
0 0
0 0
0 0
0 0
0 0
0 0
0 0
0 0
0 0
1 0
0 0
0 0
0 0
0 0
0 0
0 0
0 0
0 0
0 0
0 0
0 0
0 0
0 0
0 0
0 0
0 0
0 0
0 0
0 0
0 0
0 0
0 0
0 0
0 0
0 0
0 0
15 0
0 0
0 0
0 0
0 0
0 0
0 0
0 0
0 0
0 0
0 0
0 0
0 0
0 0
0 0
0 0
0 0
0 0
0 0
0 0
0 0
0 0
0 0
0 0
0 0
0 0
0 0
0 0
0 0
0 0
0 0
0 0
0 0
0 0
0 0
0 0
0 0
0 0
0 0
0 0
0 0
0 0
0 0
0 0
0 0
0 0
0 0
0 0
0 0
0 0
0 0
0 0
0 0
0 0
0 0
0 0
0 0
0 0
0 0
0 0
0 0
1 0
0 0
0 0
0 0
0 0
0 0
0 0
0 0
0 0
0 0
0 0
0 0
0 0
0 0
0 0
0 0
0 0
0 0
0 0
0 0
0 0
0 0
0 0
0 0
0 0
0 0
0 0
0 0
0 0
0 0
0 0
0 0
0 0
0 0
0 0
0 0
0 0
0 0
0 0
0 0
0 0
0 0
0 0
0 0
0 0
0 0
0 0
0 0
0 0
0 0
0 0
0 0
0 0
0 0
0 0
0 0
0 0
0 0
0 0
2 0
0 0
0 0
0 0
0 0
5368 1
0 0
0 0
1 0
0 0
0 0
0 0
0 0
0 0
0 0
0 0
0 0
0 0
0 0
0 0
9 0
0 0
0 0
0 0
0 0
0 0
0 0
0 0
0 0
0 0
0 0
0 0
0 0
0 0
0 0
0 0
0 0
0 0
0 0
0 0
0 0
0 0
0 0
0 0
0 0
0 0
0 0
0 0
0 0
0 0
0 0
0 0
0 0
1 0
1 0
2 1
0 0
1 0
3 0
0 0
0 0
3 0
0 0
1 0
12 0
0 0
0 0
0 0
0 0
0 0
0 0
48 0
1 0
0 0
0 0
0 0
0 0
1 0
172 1
7 1
3 1
0 3
14 0
45 0
14 0
0 9
1 0
14 0
2 0
6 0
7 3
25 0
0 0
0 0
1 0
1 0
1 0
0 0
1 0
7 2
37 0
114 0
22 0
18 0
25 0
2 0
4 0
42 0
7 0
3 0
1 0
0 0
1 0
0 0
0 0
0 0
6 0
22 0
0 0
3 0
3 0
0 5
0 0
0 0
8 0
7 0
44 0
0 0
37 0
0 0
406 1
27 1
2 0
37 0
12 0
2 0
0 0
0 0
11 0
0 0
0 0
0 0
0 0
0 0
0 0
0 0
0 0
0 0
1 0
0 0
0 0
0 0
0 0
0 0
0 0
0 0
0 0
0 0
0 0
0 0
0 0
0 0
0 0
0 0
0 0
0 0
0 0
0 0
0 0
0 0
1 0
0 0
0 0
0 0
0 0
0 0
0 0
0 0
0 0
0 0
0 0
0 0
0 0
0 0
0 0
0 0
0 0
0 0
0 0
0 0
0 0
0 0
0 0
0 0
0 0
0 0
0 0
0 0
0 0
0 0
0 0
0 0
0 0
0 0
0 0
0 0
0 0
0 0
0 0
0 0
0 0
0 0
0 0
0 0
0 0
0 0
0 0
0 0
0 0
0 0
0 0
0 0
0 0
1 0
0 0
0 0
0 0
0 0
0 0
0 0
0 0
0 0
0 0
0 0
0 0
0 0
0 0
0 0
0 0
0 0
0 0
0 0
0 0
0 0
0 0
0 0
0 0
0 0
0 0
0 0
0 0
0 0
0 0
0 0
0 0
0 0
0 0
0 0
0 0
0 0
0 0
0 0
0 0
0 0
0 0
0 0
0 0
0 0
0 0
0 0
0 0
0 0
0 0
0 0
0 0
0 0
0 0
0 0
0 0
0 0
0 0
0 0
0 0
0 0
0 0
0 0
0 0
0 0
0 0
0 0
0 0
0 0
0 0
0 0
0 0
0 0
0 0
0 0
0 0
0 0
0 0
0 0
0 0
0 0
0 0
0 0
0 0
0 0
0 0
0 0
0 0
0 0
0 0
0 0
0 0
0 0
0 0
0 0
0 0
0 0
0 0
0 0
0 0
0 0
0 0
0 0
0 0
0 0
0 0
0 0
0 0
0 0
0 0
0 0
0 0
0 0
0 0
0 0
0 0
0 0
0 0
0 0
0 0
0 0
0 0
0 0
0 0
0 0
0 0
0 0
0 0
0 0
0 0
0 0
0 0
0 0
0 0
0 0
0 0
0 0
0 0
0 0
0 0
0 0
0 0
0 0
0 0
0 0
0 0
0 0
0 0
0 0
0 0
0 0
0 0
0 0
0 0
0 0
0 0
0 0
0 0
0 0
0 0
0 0
0 0
0 0
0 0
0 0
0 0
0 0
0 0
0 0
0 0
0 0
0 0
0 0
0 0
0 0
0 0
0 0
0 0
0 0
0 0
0 0
0 0
0 0
0 0
0 0
0 0
0 0
0 0
0 0
0 0
0 0
0 0
0 0
0 0
0 0
0 0
0 0
0 0
0 0
0 0
0 0
0 0
0 0
0 0
0 0
0 0
0 0
0 0
0 0
0 0
0 0
0 0
0 0
0 0
0 0
0 0
0 0
0 0
0 0
0 0
0 0
0 0
0 0
0 0
0 0
0 0
0 0
0 0
0 0
0 0
0 0
1 0
0 0
0 0
0 0
0 0
0 0
0 0
0 0
0 0
0 0
0 0
0 0
0 0
0 0
0 0
0 0
0 0
0 0
0 0
0 0
0 0
0 0
0 0
0 0
0 0
1 0
0 0
0 0
0 0
0 0
0 0
0 0
0 0
0 0
0 0
0 0
0 0
0 0
0 0
0 0
0 0
0 0
0 0
0 0
0 0
0 0
0 0
0 0
0 0
0 0
0 0
0 0
0 0
0 0
0 0
5 0
0 0
1 0
2 0
0 0
0 0
8 57
6 2
3 0
2 513
52 0
53 1
2 0
37 0
73 284
1425 24
22387 28
63 0
827 0
3 0
2 2
105 1
281 2
0 1
3 0
13 0
3 4
11 170
79 0
3 127
0 0
0 0
0 0
0 0
0 0
0 0
0 0
0 0
0 0
0 0
0 0
0 0
0 0
0 0
0 0
0 0
0 0
0 0
0 0
0 0
0 0
0 0
0 0
0 0
0 0
0 0
0 0
0 0
0 0
0 0
0 0
0 0
0 0
0 0
0 0
0 0
0 0
0 0
0 0
0 0
0 0
0 0
0 0
0 0
0 0
0 0
0 0
0 0
0 0
0 0
0 0
0 0
1 0
0 0
0 0
0 0
0 0
0 0
0 0
0 0
0 0
0 0
0 0
0 0
0 0
0 0
0 0
0 0
0 0
0 0
0 0
0 0
0 0
0 0
0 0
0 0
0 0
0 0
0 0
0 0
0 0
0 0
0 0
1 0
0 0
0 0
0 0
0 0
0 0
0 0
0 0
0 0
0 0
0 0
0 0
0 0
0 0
1 0
0 0
0 0
0 0
0 0
0 0
0 0
0 0
0 0
0 0
0 0
0 0
0 0
0 0
0 0
0 0
0 0
0 0
0 0
0 0
0 0
0 0
0 0
0 0
0 0
0 0
0 0
0 0
0 0
0 0
0 0
0 0
0 0
0 0
0 0
0 0
0 0
0 0
0 0
0 0
0 0
0 0
0 0
0 0
0 0
0 0
0 0
0 0
0 0
0 0
0 0
0 0
0 0
0 0
0 0
0 0
0 0
0 0
0 0
0 0
0 0
0 0
0 0
0 0
0 0
0 0
0 0
0 0
0 0
0 0
0 0
0 0
0 0
0 0
0 0
0 0
0 0
0 0
0 0
0 0
0 0
0 0
0 0
0 0
0 0
0 0
0 0
0 0
0 0
0 0
0 0
0 0
0 0
0 1
0 5
0 0
0 0
0 0
0 0
0 0
0 0
0 0
0 0
0 0
0 0
0 0
0 1
0 0
0 0
0 0
0 0
2 0
1 0
0 0
0 0
0 0
3 0
1 0
0 0
1 0
0 1
1 0
0 0
0 48
14 1
0 2
0 2
0 0
0 0
0 3
1 2
1 0
0 0
0 0
1 0
0 0
0 0
0 0
2 1
1 0
1 0
2 0
4 0
1 0
0 0
4 0
107 7
75 0
30 0
3 1
43 1
389 0
85 0
13 0
93 1
4 3
5 4
12 7
3 91
25 1
28 200
5 1
18 2
17 0
2 30
59 3
580 0
3 30
8299 8
688 2
7 623
69 1
21 0
18 0
4 105
40 0
74 8
2464 2
80 442
42 2
0 1
211 0
16 0
64 1
15 0
7 18
97 125
48 0
41 7
11 244
372 2
0 0
0 0
0 0
0 0
0 0
0 0
0 0
0 0
0 0
0 0
0 0
0 0
0 0
0 0
0 0
0 0
0 0
0 0
0 0
0 0
0 0
0 0
0 0
0 0
0 0
0 0
0 0
0 0
0 0
0 0
0 0
0 0
0 0
0 0
0 0
0 0
0 0
1 1
0 0
0 0
0 0
0 0
0 0
0 0
0 0
0 0
0 0
0 0
0 0
0 0
1 0
0 0
0 0
0 0
0 0
0 0
0 0
0 0
0 0
0 0
0 0
0 0
0 0
0 0
0 0
0 0
0 0
0 0
0 0
0 0
0 0
0 0
0 0
0 0
0 0
0 0
0 0
0 0
0 0
0 0
0 0
0 0
0 0
0 0
0 1
0 0
0 0
0 0
0 0
0 0
0 0
0 0
0 0
1 0
0 0
0 0
0 0
0 0
0 0
0 0
0 0
0 0
0 0
1 1
0 0
0 0
1 0
0 0
1 0
17 0
2 0
52 1
65 0
6 0
5 0
0 6
0 0
3 0
6 2
4 20
0 4
4 0
0 2
4 0
14 4
0 0
0 0
4 0
2 1
9 0
0 1
6 3
2 0
30 2
16 0
2 4
0 0
0 0
0 0
0 0
0 0
0 0
0 0
0 0
0 0
0 0
0 0
0 0
0 0
0 0
0 0
0 0
0 0
0 0
0 0
0 0
0 0
0 0
0 0
0 0
0 0
0 0
0 0
0 0
1 0
0 0
0 0
0 0
0 0
0 0
0 0
0 0
0 0
0 0
0 0
0 2
0 0
0 0
0 0
2 101
13 0
77 2
3 392
620 1
48 7
16 2
1833 0
405 1
168 1
168 1
0 0
0 0
0 0
0 0
26 0
0 0
0 0
0 0
0 0
1 0
1 0
0 0
0 0
0 0
2 0
1 0
8 0
4 0
1 0
0 0
26 0
2 0
23 0
12 0
4 0
5 0
8 0
0 0
4 0
0 0
2 0
2 0
1 0
1 0
3 0
4 0
5 0
0 0
0 0
0 0
0 0
5 0
1 0
0 0
6 0
0 0
0 0
1 0
0 1
0 0
0 0
2 0
0 0
1 0
1 1
0 0
26 0
1 2
112 0
4 100
486 0
5 0
8 1
6 86
15 0
1 41
6 0
28 0
55 0
138 3
2 18
0 12
3 10
4 0
0 95
2 47
7 4
11 186
17 0
5 0
61 1
141 0
3 13
47 0
117 2
45 0
8 0
50 1
18 2
425 5
6 0
14 0
7 0
12 0
5 613
14 0
74 1
26 4
74 2
9 0
9 198
3 3
19 4
3 1
2 19
5 0
116 0
1 0
320 0
53 0
68 0
392 0
17 475
3 0
53 4
18 0
15 1
0 2
43 3
331 0
43 0
37 2
614 21
82 0
53 3
141 0
12 0
9 481
125 0
5 0
22 1
156 0
0 417
62 0
2167 23
23 0
122 0
345 0
346 1
19 0
4 0
862 0
27 0
746 2
57 0
1979 8
272 0
11 49
141 0
302 1
70 3
4 1
1 0
146 0
0 0
83 2
4 0
95 0
241 0
147 0
75 0
50 1
1 0
160 0
1 70
92 11
71 519
18 272
11 609
12 0
124 0
0 0
0 0
1 0
0 0
0 0
0 0
0 0
0 0
0 0
0 0
0 0
0 0
0 0
0 0
0 0
0 0
0 0
0 0
0 0
0 0
0 0
0 0
0 0
0 0
0 0
1 0
0 0
2 0
0 0
0 0
0 0
0 0
0 0
0 0
0 0
0 0
0 0
0 0
0 0
1 0
0 1
0 0
0 0
0 0
0 0
4 0
1 0
0 0
0 0
0 0
0 0
0 0
0 0
2 0
1 0
0 0
2 0
0 0
2 0
0 0
0 0
0 0
0 0
0 0
0 0
2 0
2 0
25 10
4 1
113 0
7 54
155 1
145 2
34 0
559 0
95 0
274 3
3 3
453 36
58 16
32 2
55 4
37 1
162 2
29 2
106 10
8 0
25 2
69 0
198 1
82 2
82 6
29 1
46 4
290 144
60 7
175 3
69 4
191 3
65 3
0 0
104 2
582 6
221 1
35 1
385 4
45 4
51 9
13 10
771 4
1074 2
0 0
